<?xml version="1.0"?>
<opencv_storage>
<hover>
  <throttle>
    <kp>5.0000000000000001e-04</kp>
    <ki>2.9999999999999997e-04</ki>
    <kd>4.0000000000000002e-04</kd>
    <b>1.</b>
    <c>0.</c>
    <ii>0.</ii></throttle>
  <roll>
    <kp>6.4999999999999997e-04</kp>
    <ki>2.9999999999999997e-04</ki>
    <kd>3.8000000000000002e-04</kd>
    <b>1.</b>
    <c>1.</c>
    <ii>0.</ii></roll>
  <pitch>
    <kp>6.4999999999999997e-04</kp>
    <ki>2.9999999999999997e-04</ki>
    <kd>3.8000000000000002e-04</kd>
    <b>1.</b>
    <c>1.</c>
    <ii>0.</ii></pitch>
  <yaw>
    <kp>8.0000000000000004e-01</kp>
    <ki>0.</ki>
    <kd>8.0000000000000002e-02</kd>
    <b>1.</b>
    <c>1.</c>
    <ii>0.</ii></yaw></hover>
<path_tracking>
  <along>
    <kp>1.</kp>
    <ki>1.0000000000000000e-02</ki>
    <kd>0.</kd>
    <b>1.</b>
    <c>1.</c>
    <ii>0.</ii></along>
  <cross>
    <kp>1.0000000000000000e-03</kp>
    <ki>1.0000000000000000e-04</ki>
    <kd>1.</kd>
    <b>1.</b>
    <c>1.</c>
    <ii>0.</ii></cross></path_tracking>
</opencv_storage>
