<?xml version="1.0"?>
<opencv_storage>
<hover>
  <throttle>
    <kp>6.9999999999999999e-04</kp>
    <ki>2.5000000000000001e-04</ki>
    <kd>5.0000000000000001e-04</kd>
    <ii>0.</ii>
    <clamp>1.</clamp>
    <b>1.</b>
    <c>0.</c></throttle>
  <roll>
    <kp>2.0000000000000001e-04</kp>
    <ki>0.</ki>
    <kd>6.0000000000000002e-05</kd>
    <ii>0.</ii>
    <clamp>1.</clamp>
    <b>1.</b>
    <c>1.</c></roll>
  <pitch>
    <kp>2.0000000000000001e-04</kp>
    <ki>0.</ki>
    <kd>6.0000000000000002e-05</kd>
    <ii>0.</ii>
    <clamp>1.</clamp>
    <b>1.</b>
    <c>1.</c></pitch>
  <yaw>
    <kp>6.9999999999999996e-01</kp>
    <ki>0.</ki>
    <kd>2.0000000000000001e-01</kd>
    <ii>0.</ii>
    <clamp>1.</clamp>
    <b>1.</b>
    <c>1.</c></yaw></hover>
<path_tracking>
  <along>
    <kp>5.9999999999999998e-01</kp>
    <ki>1.0000000000000000e-02</ki>
    <kd>0.</kd>
    <ii>0.</ii>
    <clamp>1.</clamp>
    <b>1.</b>
    <c>1.</c></along>
  <cross>
    <kp>1.0000000000000000e-03</kp>
    <ki>1.0000000000000000e-04</ki>
    <kd>1.0000000000000001e-01</kd>
    <ii>0.</ii>
    <clamp>1.</clamp>
    <b>1.</b>
    <c>1.</c></cross></path_tracking>
</opencv_storage>
