<?xml version="1.0" ?>
<!--Crazyflie-->

<opencv_storage>
    <measurement type_id="opencv-matrix">
        <rows>7</rows>
        <cols>1</cols>
        <dt>"3d"</dt>
        <data>
            104. 0. 0.
            6.8380755146095993e+01 1.3363891702705019e-01 1.0990700605860554e-01
            3.5484153421640343e+01 -9.6328077393994210e-02 2.8166971031429411e-01
            0. 0. 0.
            6.3731751624961108e-01 -3.1993271006888417e+01 1.8165347590259131e+00
            1.0243137859368097e-02 3.1569244590320785e+01 0.
            -3.0614644642800968e+01 -8.6069953676980981e-01 -7.1506269525104136e+00
        </data>
    </measurement>
    <offset type_id="opencv-matrix">
        <rows>4</rows>
        <cols>4</cols>
        <dt>d</dt>
        <data>
            -0.7071067811865475 -0.7071067811865475 0. 0.
            -0.7071067811865475 0.7071067811865475 0. 0.
            0. 0. -1. 41.
            0. 0. 0. 1.
        </data>
    </offset>
</opencv_storage>
