<?xml version="1.0" ?>
<!--Crazyflie Umbrella Marker -->

<opencv_storage>
    <measurement type_id="opencv-matrix">
        <rows>6</rows>
        <cols>1</cols>
        <dt>"3d"</dt>
        <data>
            -8.8141873539730497e+01 -1.2716164630582989e+02 0.
            2.3315178562093873e+01 -1.2716164630582989e+02 0.
            3.9853653635267207e+01 -3.9607791379162677e+01 1.2187417449201376e-01
            -4.4616203048062364e-01 3.8397627968659942e-01 3.8142631714527986e-01
            -8.7685225822306052e+01 -1.5563644758860454e+01 0.
            -3.2100556422963265e+01 -7.1008322354871993e+01 -1.5744973103432933e+01
        </data>
    </measurement>
    <offset type_id="opencv-matrix">
        <rows>4</rows>
        <cols>4</cols>
        <dt>d</dt>
        <data>
            -1. 0. 0. 51.6
            0. 1. 0. 51.6
            0. 0. -1. 25.0
            0. 0. 0. 1.
        </data>
    </offset>
</opencv_storage>
