<?xml version="1.0" ?>
<!--Glympse Marker Below-->

<opencv_storage>
    <measurement type_id="opencv-matrix">
        <rows>7</rows>
        <cols>1</cols>
        <dt>"3d"</dt>
        <data>
            6.4900000000000006e+01 0. 0.
            4.7962280466644820e+01 7.5370110518949929e-02 1.3311386161082694e-01
            2.2021241433261672e+01 1.7801039132201135e-01 2.5704207028490744e-01
            0. 0. 0.
            -5.0759515256528331e-02 -3.2312730981978945e+01 1.0090267932439776e+00
            -9.2890060747172098e-02 3.0737710015030135e+01 0.
            -2.8664178735806363e+01 1.1197813304502970e+00 -4.4822400507204936e+00
        </data>
    </measurement>
    <offset type_id="opencv-matrix">
        <rows>4</rows>
        <cols>4</cols>
        <dt>d</dt>
        <data>
            -1. 0. 0. 0.
            0. -1. 0. 0.
            0. 0. 1. 12.5
            0. 0. 0. 1.
        </data>
    </offset>
</opencv_storage>
