<?xml version="1.0" ?>
<!-- Nano QX 3d (1) -->

<opencv_storage>
    <measurement type_id="opencv-matrix">
        <rows>7</rows>
        <cols>1</cols>
        <dt>"3d"</dt>
        <data>
            102. 0. 0.
            6.9312700246834751e+01 9.5512604143422664e-02 -2.8796944665062441e-02
            3.4137340552251771e+01 3.0055386757769353e-01 -4.0652406789221551e-01
            0. 0. 0.
            -2.7521600818522174e-01 -3.2549612697963219e+01 2.8380471170923727e-01
            -2.0474108535308844e-02 3.1508942537778022e+01 0.
            -3.1525500927181696e+01 -2.6069656220788939e-01 -7.1784446563644231e+00
        </data>
    </measurement>
    <offset type_id="opencv-matrix">
        <rows>4</rows>
        <cols>4</cols>
        <dt>d</dt>
        <data>
            -0.7071067811865476 -0.7071067811865475 0. 0.
            -0.7071067811865475 0.7071067811865476 0. 0.
            0. 0. -1. 42.
            0. 0. 0. 1.
        </data>
    </offset>
</opencv_storage>
    