<?xml version="1.0" ?>
<!-- Nano QX 3d (2) -->

<opencv_storage>
    <measurement type_id="opencv-matrix">
        <rows>7</rows>
        <cols>1</cols>
        <dt>"3d"</dt>
        <data>
            9.9799999999999997e+01 0. 0.
            7.4381269110870122e+01 2.2898866994677938e-01 -8.3559600999306871e-02
            3.2428514105916925e+01 -3.2758361359899713e-01 8.2216258937312381e-02
            0. 0. 0.
            -6.8407781384117225e-02 -3.2538363526287853e+01 5.1403175054928307e-01
            -3.8144871001037034e-01 3.2844089774392110e+01 0.
            -3.7357409296006388e+01 -1.3501277863697374e+00 -1.0133775584430570e+01
        </data>
    </measurement>
    <offset type_id="opencv-matrix">
        <rows>4</rows>
        <cols>4</cols>
        <dt>d</dt>
        <data>
            -0.7071067811865476 -0.7071067811865475 0. 0.
            -0.7071067811865475 0.7071067811865476 0. 0.
            0. 0. -1. 42.
            0. 0. 0. 1.
        </data>
    </offset>
</opencv_storage>
    