<?xml version="1.0" ?>
<!--Torrent Marker-->

<opencv_storage>
    <measurement type_id="opencv-matrix">
        <rows>7</rows>
        <cols>1</cols>
        <dt>"3d"</dt>
        <data>
            104.6 0. 0.
            66.54024679110807 -0.0439257841784223 0.2318877668254795
            35.41045431021001 0.3416110834888313 -0.2206594508215873
            0. 0. 0.
            0.02503605062704928 -33.46288425900845 0.2193268732827087
            -0.02387529033028157 33.75522612573842 0.
            -30.32722682746223 -0.1654117832228844 -6.136774220875329
        </data>
    </measurement>
    <offset type_id="opencv-matrix">
        <rows>4</rows>
        <cols>4</cols>
        <dt>d</dt>
        <data>
            -1. 0. 0. -40.
            0. 1. 0. 0.
            0. 0. -1. 70.
            0. 0. 0. 1.
        </data>
    </offset>
</opencv_storage>
