<?xml version="1.0" ?>
    <opencv_storage>
        <path type_id="opencv-matrix">
            <rows>67</rows>
            <cols>1</cols>
            <dt>"3d"</dt>
            <data>
               <!---C--->
               0  208  95
               0  208  85
               0  206  66
               0  201  50
               0  192  35
               0  180  23
               0  165  13
               0  148   6
               0  129   1
               0  108   0
               0   86   2
               0   65   6
               0   47  14
               0   31  25
               0   17  39
               0    8  55
               0    2  73
               0    0  94
               0    0 192
               0    2 213
               0    8 232
               0   17 249
               0   30 264
               0   47 276
               0   65 285
               0   85 290
               0  107 292
               0  128 290
               0  147 286
               0  164 279
               0  179 268
               0  192 256
               0  201 242
               0  206 225
               0  208 207
               0  208 193
               <!---V--->
               0  233 287
               0  328   3
               0  359   3
               0  455 287
               <!---M--->
               0  491   5
               0  491 287
               0  530 287
               0  619 114
               0  706 287
               0  745 287
               0  745   5
               <!---R--->
               0  808   5
               0  808 287
               0  908 287
               0  927 286
               0  945 282
               0  961 275
               0  974 265
               0  986 253
               0  994 238
               0  998 222
               0 1000 203
               0  996 175
               0  982 151
               0  961 132
               0  931 122
               0  898 119
               0  808 119
               0  898 119
               0  914 120
               0  995   5
            </data>
        </path>
    </opencv_storage>
